1	188	187
256	335	79
5021	5232	211
5531	8236	2705
9192	9304	112
11316	12161	845
14080	14166	86
15299	15443	144
16558	17487	929
18656	18713	57
19621	21179	1558
21400	21405	5
22349	22389	40
25702	25824	122
27228	27291	63
28208	28372	164
29196	29649	453
30800	30815	15
34039	34298	259
34696	42401	7705
43174	43186	12
44130	44178	48
45751	45805	54
47139	47244	105
49632	49821	189
50303	57362	7059
58180	58472	292
59270	62377	3107
63137	63736	599
65502	65515	13
71189	71189	0
74816	74867	51
79349	79407	58
80561	80659	98
81579	81807	228
82322	82381	59
85089	85146	57
85538	87546	2008
88592	92835	4243
94240	96194	1954
96961	97119	158
99785	99797	12
101692	102014	322
103441	105717	2276
108317	108490	173
108855	111185	2330
112738	115533	2795
116072	116881	809
118577	118679	102
119122	119183	61
120415	121070	655
121975	136207	14232
138639	138832	193
141369	141586	217
143832	143880	48
147549	149209	1660
150633	150712	79
151059	153339	2280
154859	154986	127
156413	156565	152
157725	163976	6251
164704	164959	255
165813	165957	144
166685	166974	289
167534	167623	89
168822	169005	183
169769	169779	10
170639	170648	9
172003	172030	27
174465	174584	119
175072	175073	1
176101	176203	102
176661	176662	1
179194	179228	34
182713	182723	10
183685	183781	96
185925	185979	54
186371	186433	62
187734	188393	659
189360	189371	11
190084	196935	6851
197513	203269	5756
204075	205224	1149
206027	206028	1
206654	208918	2264
209643	210169	526
210903	211437	534
212225	213292	1067
213483	214445	962
214921	217645	2724
218226	218429	203
219199	220814	1615
221566	221739	173
222239	224174	1935
224932	225000	68
226058	226107	49
226403	226403	0
226804	226811	7
227266	227581	315
227790	227804	14
228307	230079	1772
230540	230629	89
231876	231931	55
232335	233714	1379
234820	234829	9
236085	243568	7483
245083	245156	73
245584	246173	589
247283	248651	1368
250976	255583	4607
256515	256527	12
258497	258721	224
260106	260115	9
261728	266272	4544
267006	277763	10757
278380	286884	8504
287114	289129	2015
290019	290054	35
291228	294999	3771
295856	296380	524
297102	297110	8
299228	304235	5007
306271	307143	872
308234	310052	1818
310660	310697	37
313100	314012	912
315226	315325	99
315867	319859	3992
321135	323785	2650
324750	324760	10
327202	328804	1602
332974	333014	40
333685	335192	1507
336415	336425	10
337522	338146	624
338361	339939	1578
340202	340300	98
341718	341834	116
342157	342256	99
343374	344317	943
344778	344958	180
345485	345532	47
345726	345981	255
346661	346730	69
347017	347222	205
347506	348697	1191
349608	355695	6087
356387	356442	55
357740	358144	404
359466	359539	73
360915	361068	153
362888	363564	676
364637	364690	53
365820	365840	20
366175	366200	25
368050	368058	8
369032	369158	126
369508	371555	2047
372007	372008	1
373114	373200	86
373673	373690	17
374112	374187	75
375663	380102	4439
381553	383236	1683
383730	393025	9295
393345	393686	341
394987	395230	243
395856	395979	123
397256	397441	185
399798	400004	206
400279	400468	189
402342	402490	148
402864	402955	91
403356	405965	2609
406786	406936	150
407397	407424	27
410973	411151	178
411492	411519	27
412808	413932	1124
414507	415225	718
415581	424314	8733
424964	425089	125
428454	429435	981
429815	429965	150
430519	430645	126
432579	432629	50
433566	433673	107
435550	435728	178
436375	436608	233
437573	438678	1105
439985	443467	3482
445122	446771	1649
447115	450194	3079
451129	451129	0
452424	452546	122
452956	454472	1516
455918	458286	2368
461386	461814	428
466097	466134	37
467686	471004	3318
471489	471564	75
472382	472469	87
474253	474263	10
475042	475139	97
476020	476049	29
477643	477700	57
479064	479118	54
480422	480441	19
481589	485233	3644
486903	486910	7
488172	488180	8
489888	493164	3276
494552	496765	2213
497310	497527	217
498222	498250	28
500856	500889	33
501875	501883	8
502401	505004	2603
505243	505386	143
506560	506615	55
506803	506868	65
507203	507455	252
508984	509446	462
510000	510007	7
510807	511019	212
512426	512509	83
512895	515951	3056
517065	518433	1368
518642	519387	745
519935	520213	278
520653	521428	775
521616	522234	618
522986	534153	11167
535529	535684	155
536019	536032	13
537258	537267	9
540413	540512	99
541891	546389	4498
546544	546618	74
547733	551368	3635
552495	552495	0
556594	556807	213
557943	560853	2910
562106	563438	1332
564616	564623	7
566236	566247	11
567853	567853	0
568269	568447	178
570555	570735	180
570935	572139	1204
573302	577498	4196
578064	578306	242
579874	580641	767
581882	590788	8906
593098	595110	2012
595673	595845	172
596057	596584	527
597374	597500	126
597706	613571	15865
614056	615264	1208
617398	618061	663
620219	629211	8992
630325	631693	1368
631902	632647	745
633195	633473	278
633913	634688	775
634876	635494	618
636246	647413	11167
648789	648944	155
649279	649292	13
650518	650527	9
653673	653772	99
655151	659649	4498
659804	659878	74
660993	664628	3635
665755	665755	0
669854	670067	213
671203	674113	2910
675366	676698	1332
677876	677883	7
679496	679507	11
681113	681113	0
681529	681707	178
683815	683995	180
684195	685399	1204
686562	690758	4196
691324	691566	242
693134	693901	767
695142	704048	8906
706358	708370	2012
708933	709105	172
709317	709844	527
710634	710760	126
710966	726831	15865
727316	728524	1208
730658	731321	663
733479	746914	13435
748092	755757	7665
757706	757906	200
759573	760147	574
761556	761603	47
761932	764800	2868
765348	765371	23
767014	767225	211
767722	780947	13225
781156	781396	240
785918	786033	115
788035	788258	223
788515	788638	123
789777	789905	128
790669	790814	145
792741	794640	1899
795386	795406	20
797715	797748	33
798542	806990	8448
809489	809502	13
810221	810519	298
813323	813335	12
814555	814827	272
816865	817797	932
819776	819791	15
822427	823271	844
824842	824855	13
825997	826009	12
826418	826565	147
827661	827662	1
828093	828155	62
829423	829553	130
830848	830880	32
831404	831411	7
832205	833898	1693
834944	834979	35
835701	837446	1745
838501	847922	9421
848074	848238	164
849703	849703	0
850764	851735	971
852733	853908	1175
854963	855036	73
856472	856652	180
858916	862493	3577
866099	866675	576
868699	870193	1494
871185	871204	19
871719	871719	0
872899	873033	134
873740	873942	202
874658	877779	3121
878192	884021	5829
885388	886219	831
888372	888397	25
889362	889500	138
890588	895481	4893
896410	903599	7189
904117	905820	1703
906092	906332	240
907917	909112	1195
910707	916791	6084
917456	919717	2261
922543	922560	17
924101	924116	15
925039	925039	0
925953	926128	175
928479	928484	5
929815	931397	1582
931783	931891	108
933009	933876	867
935081	936822	1741
938057	940572	2515
941111	943238	2127
943618	944062	444
945058	945116	58
946021	946106	85
946585	946933	348
948048	948140	92
949276	949283	7
951081	951138	57
951629	951667	38
952797	957742	4945
958895	969622	10727
971283	972384	1101
975445	976062	617
976385	976413	28
978692	985744	7052
986241	986373	132
990365	990521	156
991135	991143	8
992489	992577	88
993872	994108	236
996555	996563	8
998048	999020	972
1000171	1000378	207
1001811	1002817	1006
1003410	1009911	6501
1010606	1010802	196
1011893	1011961	68
1013247	1013413	166
1014180	1014350	170
1015036	1015144	108
1016820	1016977	157
1017264	1017469	205
1019736	1019770	34
1022504	1022538	34
1023773	1023822	49
1024750	1024901	151
1025797	1026686	889
1028793	1028798	5
1033938	1034196	258
1036046	1036224	178
1036775	1036799	24
1037449	1043771	6322
1046386	1051017	4631
1051559	1051639	80
1052343	1052365	22
1056029	1056038	9
1056583	1056588	5
1057809	1057917	108
1058930	1059101	171
1059646	1060993	1347
1063104	1063113	9
1065023	1065150	127
1066406	1066408	2
1068611	1068864	253
1069034	1071634	2600
1072089	1074287	2198
1074919	1077620	2701
1079677	1081095	1418
1081511	1083213	1702
1083494	1085288	1794
1088199	1088215	16
1090758	1090889	131
1092436	1092445	9
1093584	1093766	182
1095067	1102982	7915
1103682	1104610	928
1104825	1104996	171
1105392	1109410	4018
1110441	1111233	792
1115550	1117185	1635
1118444	1118734	290
1119978	1121230	1252
1121406	1127391	5985
1128032	1132454	4422
1133965	1134505	540
1135337	1135392	55
1136522	1136525	3
1137799	1138141	342
1139208	1146025	6817
1148722	1149988	1266
1151317	1152552	1235
1153493	1153545	52
1154285	1154306	21
1154863	1154962	99
1155456	1158617	3161
1159075	1159113	38
1159571	1159627	56
1159962	1160080	118
1160394	1160486	92
1162445	1164001	1556
1168075	1168245	170
1168475	1171473	2998
1172528	1180228	7700
1180815	1180823	8
1182398	1182505	107
1184043	1185684	1641
1186103	1186104	1
1186511	1186520	9
1187218	1187240	22
1188451	1188468	17
1189226	1189395	169
1190180	1190230	50
1190931	1190940	9
1192981	1193044	63
1194690	1194699	9
1195655	1199168	3513
1199491	1199606	115
1200568	1201460	892
1201984	1202033	49
1202209	1202287	78
1203360	1203425	65
1204381	1204394	13
1205326	1205336	10
1206073	1206281	208
1206520	1206605	85
1207849	1207966	117
1208778	1208778	0
1211435	1211443	8
1212243	1212535	292
1213971	1216551	2580
1216913	1216913	0
1217293	1217304	11
1218753	1218761	8
1219789	1219809	20
1220354	1220751	397
1222058	1222265	207
1222807	1223739	932
1223999	1230093	6094
1233233	1233259	26
1234173	1234186	13
1235028	1240510	5482
1241739	1249789	8050
1251042	1255251	4209
1255490	1255530	40
1255805	1255831	26
1256100	1256210	110
1256461	1256790	329
1258316	1258445	129
1258666	1259063	397
1261687	1262726	1039
1262914	1263026	112
1263372	1266062	2690
1266433	1267143	710
1267472	1267541	69
1268203	1268277	74
1268741	1270229	1488
1271919	1274400	2481
1275122	1277033	1911
1278334	1278341	7
1279414	1282642	3228
1283256	1284190	934
1284447	1284622	175
1285065	1290528	5463
1292450	1298253	5803
1298534	1303176	4642
1304435	1304474	39
1306781	1306782	1
1307594	1307627	33
1308484	1311581	3097
1311814	1311969	155
1312667	1313246	579
1314643	1317419	2776
1318813	1319326	513
1325991	1326171	180
1326449	1328668	2219
1329615	1329704	89
1330720	1330919	199
1331830	1332989	1159
1333609	1338060	4451
1338710	1340222	1512
1341856	1341939	83
1342862	1342874	12
1343785	1343794	9
1345811	1349757	3946
1351010	1360410	9400
1360634	1360806	172
1361207	1361290	83
1362887	1365171	2284
1365815	1366128	313
1366940	1367416	476
1368517	1368730	213
1369287	1371319	2032
1376883	1376890	7
1377225	1377290	65
1378720	1378750	30
1379907	1387276	7369
1389889	1389889	0
1390773	1393944	3171
1396955	1398507	1552
1399229	1401438	2209
1402079	1410638	8559
1412139	1412164	25
1414062	1414270	208
1415148	1416750	1602
1417802	1418466	664
1421066	1421273	207
1422250	1422578	328
1422709	1422709	0
1422879	1423249	370
1425927	1426748	821
1427515	1427661	146
1427972	1427976	4
1429148	1429339	191
1430405	1448538	18133
1449305	1449329	24
1449889	1450161	272
1452933	1452968	35
1454236	1455497	1261
1456168	1456219	51
1456805	1456811	6
1457035	1457107	72
1457424	1457634	210
1459316	1459327	11
1460622	1460640	18
1462353	1462381	28
1463436	1463452	16
1464243	1464250	7
1468228	1468239	11
1469323	1469365	42
1470273	1471535	1262
1473993	1474138	145
1475682	1476348	666
1477316	1479409	2093
1480311	1480645	334
1482261	1483494	1233
1484513	1484783	270
1485043	1492159	7116
1493070	1493397	327
1493963	1495468	1505
1496454	1496929	475
1498305	1506089	7784
1506580	1507783	1203
1508082	1508102	20
1508527	1508537	10
1509397	1509401	4
1510150	1510170	20
1510733	1510763	30
1511006	1511200	194
1512660	1512795	135
1513401	1513872	471
1516405	1516467	62
1520407	1529675	9268
1529944	1531668	1724
1534492	1534497	5
1534826	1536136	1310
1537638	1542544	4906
1543476	1543485	9
1543775	1543781	6
1544530	1544542	12
1545042	1545047	5
1550718	1550742	24
1552058	1552156	98
1553681	1554009	328
1559129	1562838	3709
1563701	1563761	60
1566070	1566238	168
1567742	1567755	13
1569515	1569526	11
1570821	1571678	857
1575583	1575852	269
1576655	1576849	194
1578291	1579519	1228
1580052	1580294	242
1580470	1581087	617
1582730	1583905	1175
1585251	1585473	222
1587131	1587268	137
1587495	1587555	60
1588097	1589190	1093
1590775	1591074	299
1591745	1592274	529
1593485	1594789	1304
1595328	1595398	70
1597362	1597903	541
1598082	1598104	22
1598544	1598620	76
1600029	1600271	242
1601419	1601434	15
1604176	1604195	19
1605622	1606006	384
1606182	1606265	83
1606501	1607644	1143
1608684	1608879	195
1609547	1611924	2377
1612988	1614864	1876
1615484	1615557	73
1615772	1616507	735
1619024	1619203	179
1620259	1620433	174
1621572	1621669	97
1621905	1622641	736
1623489	1636018	12529
1639068	1639078	10
1640611	1645242	4631
1645676	1689137	43461
1692689	1692698	9
1693723	1693747	24
1694625	1694646	21
1694939	1694993	54
1695754	1702451	6697
1703335	1703410	75
1704528	1704675	147
1705868	1706767	899
1707204	1707221	17
1707607	1707636	29
1707857	1708979	1122
1710169	1712420	2251
1712941	1715164	2223
1715913	1715999	86
1716688	1716862	174
1717068	1720686	3618
1720955	1721269	314
1721862	1724403	2541
1724639	1724694	55
1725107	1729502	4395
1729717	1733544	3827
1733852	1734052	200
1734387	1735581	1194
1735991	1736155	164
1736443	1736470	27
1736691	1737256	565
1737635	1737725	90
1739187	1744791	5604
1745135	1745167	32
1745730	1746548	818
1746856	1747052	196
1749481	1749539	58
1751965	1751973	8
1753449	1753489	40
1754106	1754298	192
1755557	1758682	3125
1759938	1760359	421
1760670	1760943	273
1761767	1762896	1129
1763933	1767410	3477
1768357	1768540	183
1769925	1769959	34
1770684	1771133	449
1771864	1771865	1
1773169	1773242	73
1774174	1777559	3385
1778737	1778835	98
1780346	1788338	7992
1789933	1789940	7
1791115	1791216	101
1792220	1793542	1322
1793760	1793843	83
1794286	1794360	74
1798796	1798797	1
1799420	1799421	1
1800754	1801362	608
1802867	1802970	103
1803578	1808469	4891
1808939	1809857	918
1812729	1814700	1971
1815218	1815252	34
1816352	1816430	78
1816840	1816940	100
1817590	1817680	90
1822299	1823028	729
1823846	1823971	125
1824555	1828504	3949
1829718	1830006	288
1831157	1832050	893
1833426	1835293	1867
1835601	1835724	123
1837331	1844291	6960
1845706	1846014	308
1846253	1857667	11414
1858782	1859208	426
1859567	1859664	97
1860881	1861105	224
1862373	1862382	9
1863251	1863279	28
1864040	1865789	1749
1866943	1868210	1267
1868977	1868994	17
1869935	1869988	53
1871570	1871570	0
1873273	1876038	2765
1876874	1877028	154
1878077	1878206	129
1878400	1893743	15343
1893868	1894963	1095
1895895	1895993	98
1896286	1896389	103
1897252	1897973	721
1898644	1898804	160
1899397	1899527	130
1900921	1902460	1539
1904724	1911051	6327
1911881	1912108	227
1912998	1921021	8023
1921830	1921994	164
1922707	1922709	2
1923389	1923401	12
1924659	1924666	7
1925835	1925850	15
1927996	1928060	64
1929370	1930083	713
1930493	1930964	471
1932310	1937430	5120
1939289	1939453	164
1940472	1940480	8
1941124	1951364	10240
1952362	1952443	81
1953330	1955501	2171
1957438	1957548	110
1958834	1958978	144
1960456	1960634	178
1962127	1962167	40
1962673	1962945	272
1963394	1964266	872
1965450	1965502	52
1965852	1966308	456
1967336	1970505	3169
1971593	1971781	188
1973229	1973258	29
1974385	1974438	53
1975406	1981960	6554
1982307	1982666	359
1983028	1984763	1735
1985344	1985525	181
1986892	1987020	128
1988621	1990641	2020
1991615	1991675	60
1992478	1992479	1
1993342	1993394	52
1993855	1994281	426
1994850	1997518	2668
1997760	1998869	1109
2000245	2004851	4606
2008739	2008816	77
2010258	2010373	115
2010612	2010714	102
2010908	2013701	2793
2013934	2014033	99
2014692	2014713	21
2015378	2019474	4096
2020655	2025245	4590
2026117	2026242	125
2027687	2031255	3568
2032795	2034844	2049
2035449	2039425	3976
2040809	2040859	50
2041257	2041295	38
2043009	2048655	5646
2050391	2050565	174
2051056	2068783	17727
2069214	2075955	6741
2076461	2077252	791
2077578	2077746	168
2078246	2078711	465
2079925	2084848	4923
2085075	2092902	7827
2094311	2094333	22
2095111	2095186	75
2096676	2097307	631
2098745	2098851	106
2099522	2099630	108
2100112	2101532	1420
2101813	2102259	446
2106960	2106976	16
2108546	2108648	102
2109115	2109117	2
2110534	2110534	0
2111639	2111646	7
2111918	2111923	5
2112711	2112998	287
2113624	2114016	392
2114246	2114541	295
2115359	2118569	3210
2119492	2124865	5373
2125719	2127986	2267
2128402	2129513	1111
2130151	2130405	254
2131058	2131398	340
2131931	2132681	750
2133481	2133941	460
2141047	2142673	1626
2143992	2144091	99
2145548	2145888	340
2146607	2159816	13209
2160244	2160569	325
2163691	2163809	118
2165787	2165847	60
2166071	2166142	71
2166513	2166599	86
2167167	2167605	438
2167964	2171786	3822
2173216	2179026	5810
2179079	2179222	143
2180124	2180127	3
2186258	2226932	40674
2228518	2232296	3778
2235616	2236704	1088
2238059	2240215	2156
2240679	2243046	2367
2254031	2254219	188
2254554	2254698	144
2256062	2257742	1680
2258644	2259257	613
2260431	2267849	7418
2271092	2274945	3853
2275772	2275988	216
2276329	2283328	6999
2285364	2289307	3943
2292942	2293000	58
2293320	2293624	304
2294715	2294723	8
2299975	2300253	278
2300717	2303894	3177
2304628	2304685	57
2304795	2311213	6418
2312931	2314829	1898
2315410	2319652	4242
2320745	2320872	127
2321759	2321906	147
2322628	2322628	0
2322870	2323061	191
2325531	2332919	7388
2333758	2338726	4968
2339778	2339849	71
2340709	2340709	0
2341800	2344364	2564
2345026	2352871	7845
2354055	2354458	403
2355033	2355253	220
2356722	2356837	115
2357826	2357862	36
2358578	2358987	409
2359556	2359734	178
2361293	2361372	79
2366900	2369640	2740
2371403	2371525	122
2371812	2373137	1325
2373367	2373384	17
2375147	2379508	4361
2380158	2392913	12755
2393404	2402496	9092
2405171	2405185	14
2405838	2409051	3213
2412262	2412455	193
2415089	2415117	28
2416304	2428575	12271
2429300	2433873	4573
2436161	2436392	231
2437779	2438695	916
2438904	2441655	2751
2445722	2445912	190
2446814	2446824	10
2447012	2453562	6550
2453990	2454936	946
2456078	2456079	1
2462289	2472498	10209
2473712	2475645	1933
2476619	2476719	100
2477225	2478366	1141
2478845	2478898	53
2479752	2497346	17594
2498566	2498647	81
2499249	2503255	4006
2504460	2504532	72
2506679	2506866	187
2508389	2510406	2017
2511056	2511110	54
2511475	2511493	18
2512389	2527735	15346
2528733	2531549	2816
2533558	2538391	4833
2538945	2551085	12140
2552434	2552797	363
2553858	2555086	1228
2556021	2556330	309
2557490	2557640	150
2560250	2560588	338
2560893	2563305	2412
2563754	2563817	63
2564644	2564769	125
2566022	2566095	73
2566298	2567632	1334
2568972	2568987	15
2570318	2573540	3222
2574157	2584483	10326
2584761	2585430	669
2586353	2588456	2103
2590156	2590168	12
2590905	2590915	10
2591775	2599415	7640
2600674	2600786	112
2601115	2602827	1712
2604032	2604116	84
2605231	2608252	3021
2608993	2614912	5919
2615679	2616731	1052
2617732	2621248	3516
2622012	2622194	182
2623168	2623549	381
2623809	2623851	42
2625581	2625619	38
2626131	2627127	996
2627504	2627534	30
2628271	2635558	7287
2636457	2636458	1
2637885	2637887	2
2639194	2642137	2943
2643009	2643010	1
2643912	2648556	4644
2649854	2650042	188
2650686	2651153	467
2651781	2651896	115
2652905	2653362	457
2653757	2653765	8
2654160	2654278	118
2655120	2668451	13331
2669404	2669421	17
2671427	2675516	4089
2677219	2677380	161
2680496	2681032	536
2681391	2681392	1
2682522	2682547	25
2682750	2689691	6941
2690736	2690986	250
2693624	2693632	8
2694582	2694596	14
2696038	2696047	9
2696700	2696702	2
2699942	2699949	7
2701658	2701685	27
2703700	2703719	19
2704570	2705879	1309
2707345	2707363	18
2707725	2710982	3257
2712660	2712829	169
2714898	2714900	2
2716444	2719075	2631
2719269	2719577	308
2720098	2720111	13
2720653	2724017	3364
2725390	2742279	16889
2743127	2753227	10100
2754033	2754148	115
2755032	2755220	188
2756503	2758817	2314
2761825	2761832	7
2763037	2763059	22
2763556	2772648	9092
2773844	2775620	1776
2776813	2785724	8911
2787145	2788544	1399
2789395	2789448	53
2789711	2800205	10494
2801830	2802681	851
2804018	2805208	1190
2805798	2806539	741
2807231	2808520	1289
2808942	2809008	66
2809709	2809738	29
2812401	2812512	111
2813870	2813964	94
2814239	2825931	11692
2826671	2826939	268
2827283	2827384	101
2827434	2827530	96
2828693	2831145	2452
2831513	2831660	147
2833397	2833410	13
2833895	2838559	4664
2839848	2840616	768
2841497	2841580	83
2843244	2843390	146
2843734	2844681	947
2845166	2848429	3263
2848644	2848770	126
2850182	2850332	150
2850961	2855703	4742
2857143	2857495	352
2858361	2858450	89
2859274	2859488	214
2860192	2860230	38
2860912	2860933	21
2861403	2863103	1700
2864809	2865704	895
2866165	2866171	6
2866656	2866662	6
2866865	2866900	35
2867220	2867238	18
2867570	2876182	8612
2878437	2878770	333
2879750	2879767	17
2881038	2882520	1482
2883803	2884038	235
2885441	2885459	18
2886124	2886996	872
2887298	2887305	7
2887832	2888949	1117
2889401	2890508	1107
2893280	2893287	7
2894249	2896572	2323
2897639	2897694	55
2898689	2898878	189
2900058	2900179	121
2901244	2901989	745
2903164	2903178	14
2904719	2916394	11675
2917916	2917924	8
2918298	2918299	1
2919081	2919183	102
2919545	2919609	64
2921343	2923038	1695
2925610	2930086	4476
2931546	2931552	6
2932979	2941209	8230
2941562	2941563	1
2943822	2943858	36
2944829	2944900	71
2946981	2947655	674
2950219	2950322	103
2950981	2951992	1011
2954066	2954798	732
2955577	2955663	86
2957030	2967143	10113
2968183	2982776	14593
2983144	2983219	75
2984744	2984758	14
2985336	2991154	5818
2992434	2992458	24
2993939	2996273	2334
2997148	3006955	9807
3009714	3017246	7532
3018097	3018206	109
3019573	3020127	554
3021419	3021474	55
3022844	3022863	19
3023711	3026133	2422
3027452	3027482	30
3029260	3029336	76
3031211	3031266	55
3032000	3035227	3227
3036878	3041132	4254
3042466	3061552	19086
3062244	3062310	66
3063026	3063161	135
3063382	3063487	105
3064530	3068489	3959
3069523	3070911	1388
3071849	3077737	5888
3078969	3079426	457
3080061	3080392	331
3081679	3082444	765
3082893	3083158	265
3083652	3083984	332
3085363	3085528	165
3085749	3085931	182
3086308	3092235	5927
3094496	3094504	8
3095861	3098152	2291
3099345	3099400	55
3100599	3100654	55
3101868	3101918	50
3103306	3103351	45
3104286	3107050	2764
3107631	3107950	319
3111051	3111051	0
3112382	3112430	48
3116079	3116241	162
3117644	3117656	12
3118978	3119011	33
3120381	3123257	2876
3124708	3124955	247
3125506	3131745	6239
3132269	3133203	934
3134186	3135552	1366
3136994	3147502	10508
3147834	3148131	297
3148682	3151643	2961
3152539	3154877	2338
3155875	3155883	8
3156671	3175002	18331
3175763	3179276	3513
3179494	3179795	301
3180952	3182844	1892
3183344	3184223	879
3184957	3184967	10
3185920	3186026	106
3187008	3188187	1179
3188894	3188909	15
3189765	3189770	5
3191495	3196102	4607
3197157	3197182	25
3197460	3197522	62
3198604	3203943	5339
3204755	3204818	63
3205231	3205375	144
3206244	3206307	63
3207708	3209140	1432
3211278	3224037	12759
3224804	3225943	1139
3226962	3229896	2934
3230591	3234492	3901
3235361	3243662	8301
3244705	3245427	722
3246314	3248001	1687
3249191	3249328	137
3249990	3251120	1130
3252286	3252388	102
3253218	3253415	197
3254344	3254392	48
3254652	3265593	10941
3267601	3268295	694
3268879	3268907	28
3269224	3273880	4656
3276183	3276186	3
3277349	3278315	966
3279091	3280605	1514
3280898	3281179	281
3281733	3281907	174
3285633	3285646	13
3287464	3287973	509
3288605	3288629	24
3290293	3296972	6679
3297595	3297656	61
3298897	3300459	1562
3301079	3302228	1149
3303744	3303789	45
3305255	3306546	1291
3306764	3306872	108
3308620	3308812	192
3310656	3312544	1888
3313170	3315232	2062
3316641	3317231	590
3318217	3318398	181
3321939	3321999	60
3323435	3323566	131
3324639	3324653	14
3327007	3327430	423
3329451	3331725	2274
3332231	3332305	74
3333000	3333058	58
3334065	3334345	280
3335313	3335709	396
3336956	3340869	3913
3342290	3342417	127
3343196	3343538	342
3344203	3344204	1
3344590	3344734	144
3345105	3345140	35
3345448	3345448	0
3346144	3346327	183
3346722	3346789	67
3347778	3348069	291
3348437	3348676	239
3349035	3350084	1049
3350788	3350808	20
3350975	3363145	12170
3363366	3363619	253
3364161	3364180	19
3365370	3371047	5677
3372621	3372767	146
3373569	3374679	1110
3375962	3375982	20
3376458	3376466	8
3376870	3376887	17
3377393	3377741	348
3378898	3378908	10
3379771	3379935	164
3380414	3380450	36
3382793	3383191	398
3383778	3383855	77
3384553	3384579	26
3387098	3387106	8
3388200	3389165	965
3391557	3391574	17
3392167	3392174	7
3392752	3394739	1987
3395260	3395731	471
3396036	3397250	1214
3398248	3398254	6
3399135	3399213	78
3400223	3414402	14179
3415748	3423555	7807
3423851	3424728	877
3426164	3429475	3311
3430449	3430674	225
3430955	3436040	5085
3437020	3437031	11
3438020	3438038	18
3439705	3439709	4
3440437	3440482	45
3441918	3441938	20
3442228	3442343	115
3442837	3442880	43
3444006	3444217	211
3444852	3450397	5545
3454953	3454963	10
3456384	3456941	557
3457708	3457877	169
3458554	3458572	18
3460956	3462691	1735
3463410	3470634	7224
3472004	3475956	3952
3476357	3476508	151
3477878	3477965	87
3479035	3480468	1433
3480941	3481303	362
3481569	3485285	3716
3486217	3499249	13032
3500226	3501201	975
3501674	3501682	8
3503034	3503140	106
3504826	3504835	9
3505719	3506045	326
3507013	3507036	23
3507335	3507418	83
3508305	3508386	81
3508568	3509629	1061
3510789	3510798	9
3513905	3514155	250
3514379	3514914	535
3515834	3515899	65
3517083	3517090	7
3518196	3518201	5
3518962	3525001	6039
3525558	3529455	3897
3529967	3529979	12
3530929	3530972	43
3532264	3533789	1525
3534202	3551343	17141
3554097	3554104	7
3556781	3556788	7
3557228	3557233	5
3559675	3559687	12
3561988	3573405	11417
3573626	3577054	3428
3580204	3580255	51
3581127	3581885	758
3582520	3582556	36
3584661	3588333	3672
3589517	3589776	259
3592645	3592768	123
3593577	3593593	16
3594969	3595213	244
3595383	3595675	292
3597015	3597033	18
3598058	3598105	47
3599720	3599817	97
3600551	3618636	18085
3621191	3622234	1043
3624372	3624434	62
3625105	3625113	8
3625517	3625539	22
3626420	3628583	2163
3630208	3632577	2369
3633056	3633150	94
3635474	3635928	454
3636158	3636172	14
3638732	3640647	1915
3641333	3641389	56
3641967	3642324	357
3643643	3648850	5207
3651558	3654033	2475
3655634	3657779	2145
3659287	3670837	11550
3671433	3676904	5471
3677395	3677629	234
3679223	3679249	26
3679949	3680525	576
3680812	3682709	1897
3683152	3693750	10598
3694136	3700159	6023
3701017	3701517	500
3702146	3702217	71
3704418	3704983	565
3705651	3705721	70
3706281	3707631	1350
3708683	3708735	52
3709325	3709433	108
3714351	3714354	3
3714758	3714958	200
3719551	3719653	102
3719901	3720144	243
3721283	3730607	9324
3731662	3733408	1746
3734910	3735877	967
3736314	3736628	314
3738100	3741151	3051
3741996	3742065	69
3743420	3744294	874
3744650	3744701	51
3745993	3746003	10
3746431	3747057	626
3747842	3749727	1885
3750296	3750449	153
3750982	3752761	1779
3753336	3754132	796
3754662	3754998	336
3756158	3756180	22
3759296	3765358	6062
3767010	3768108	1098
3769082	3769128	46
3770144	3770552	408
3771877	3775185	3308
3776117	3793792	17675
3795662	3796329	667
3797603	3808690	11087
3809693	3812145	2452
3812807	3812908	101
3813885	3815076	1191
3815369	3815647	278
3815862	3816278	416
3817650	3821485	3835
3822483	3826729	4246
3827724	3827799	75
3830502	3830577	75
3831758	3833095	1337
3835128	3835303	175
3836559	3838331	1772
3839332	3839341	9
3839811	3839926	115
3840402	3840402	0
3841682	3841692	10
3842681	3842682	1
3846382	3847590	1208
3848567	3861935	13368
3862780	3862819	39
3863523	3863775	252
3864239	3867879	3640
3869795	3870022	227
3871760	3872263	503
3872628	3872997	369
3876618	3876813	195
3877289	3880858	3569
3882405	3882436	31
3883698	3883699	1
3884661	3889585	4924
3890520	3890527	7
3891576	3891577	1
3892539	3892546	7
3893808	3904138	10330
3905418	3905423	5
3905905	3908329	2424
3909988	3910092	104
3910691	3912275	1584
3913141	3913359	218
3914186	3914473	287
3915093	3917027	1934
3917653	3917705	52
3917983	3917999	16
3920116	3920120	4
3920812	3920815	3
3922899	3924550	1651
3925944	3926062	118
3927774	3932558	4784
3933745	3933853	108
3934779	3935820	1041
3936116	3939569	3453
3941338	3949527	8189
3950714	3952020	1306
3952472	3955858	3386
3956784	3959504	2720
3960223	3963333	3110
3963668	3971043	7375
3971702	3979941	8239
3980084	3980098	14
3980681	3980681	0
3982330	3982433	103
3983800	3984040	240
3984117	3984335	218
3985753	3985841	88
3987091	3987220	129
3989332	3989474	142
3990238	3990257	19
3990826	3992379	1553
3993047	3993111	64
3993581	3993627	46
3994217	4022760	28543
4023755	4026921	3166
4028792	4028956	164
4029378	4029383	5
4030891	4030893	2
4031861	4031883	22
4032776	4032899	123
4033831	4045027	11196
4045368	4047263	1895
4047364	4049142	1778
4049408	4049425	17
4050357	4052272	1915
4053819	4054911	1092
4056389	4057618	1229
4059642	4062702	3060
4063034	4063172	138
4063276	4063358	82
4064620	4064857	237
4065963	4065972	9
4067021	4067074	53
4070533	4070549	16
4072085	4072087	2
4076897	4076897	0
4077640	4077828	188
4079216	4079899	683
4081137	4090791	9654
4091279	4091463	184
4091669	4091703	34
4092530	4093228	698
4094843	4094924	81
4097089	4098367	1278
4099320	4101803	2483
4102675	4102805	130
4104637	4104698	61
4105321	4106111	790
4107136	4107141	5
4107944	4109994	2050
4112258	4113372	1114
4114136	4114274	138
4115704	4115796	92
4116554	4116565	11
4118810	4118886	76
4119158	4119159	1
4119677	4119677	0
4120456	4120495	39
4121280	4121929	649
4123425	4123468	43
4124172	4128102	3930
4130050	4130086	36
4131540	4131549	9
4132097	4139010	6913
4139282	4139356	74
4140345	4140359	14
4140988	4141140	152
4142573	4143907	1334
4146696	4148288	1592
4148800	4148986	186
4150362	4155348	4986
4157174	4157388	214
4158101	4158106	5
4159089	4159188	99
4160456	4171457	11001
4172356	4172387	31
4173175	4173271	96
4176159	4177009	850
4177230	4177469	239
4177690	4183734	6044
4184570	4184720	150
4185778	4195454	9676
4197215	4198528	1313
4199151	4199408	257
4200394	4200540	146
4201217	4203538	2321
4204041	4204187	146
4205092	4205270	178
4206235	4206552	317
4207544	4207648	104
4208406	4210033	1627
4210476	4210685	209
4210987	4211011	24
4211442	4216233	4791
4216481	4224731	8250
4224946	4226390	1444
4227553	4227553	0
4229988	4230334	346
4231227	4231553	326
4233736	4233826	90
4234734	4240248	5514
4241330	4241342	12
4241665	4241713	48
4245200	4252719	7519
4253726	4253734	8
4254510	4254568	58
4255944	4256208	264
4257128	4258842	1714
4259851	4261357	1506
4264006	4269775	5769
4271768	4273661	1893
4274848	4275075	227
4276008	4276164	156
4276595	4276596	1
4277303	4277713	410
4278213	4278277	64
4278645	4278962	317
4282993	4283067	74
4287293	4287503	210
4288045	4294620	6575
4295396	4295433	37
4296500	4296507	7
4297181	4297221	40
4297814	4297998	184
4298273	4298283	10
4298981	4299643	662
4302365	4310951	8586
4311337	4311997	660
4312929	4313195	266
4314799	4314826	27
4316133	4316313	180
4318052	4321545	3493
4325231	4325448	217
4327082	4328071	989
4328946	4331475	2529
4333127	4333623	496
4333868	4333979	111
4337450	4338042	592
4338455	4344501	6046
4345619	4345688	69
4347031	4347271	240
4348194	4348672	478
4350003	4350223	220
4350723	4350733	10
4351608	4354354	2746
4354725	4354832	107
4355443	4355459	16
4356841	4356954	113
4357166	4358038	872
4358295	4358316	21
4359026	4359386	360
4360426	4360557	131
4360802	4362031	1229
4363449	4363499	50
4364581	4364831	250
4366027	4367131	1104
4367847	4367955	108
4368374	4368375	1
4368734	4371842	3108
4372381	4375186	2805
4375653	4376196	543
4377548	4377697	149
4379349	4385481	6132
4386920	4388302	1382
4389929	4390006	77
4392636	4392975	339
4394291	4411733	17442
4412185	4412251	66
4412583	4425518	12935
4428624	4428885	261
4430390	4440294	9904
4441652	4441764	112
4443176	4450226	7050
4450459	4450468	9
4450743	4450967	224
4451266	4451291	25
4451467	4467047	15580
4467526	4469071	1545
4469367	4469408	41
4471057	4471192	135
4471548	4474082	2534
4474651	4474700	49
4474828	4474936	108
4475085	4475258	173
4475578	4481026	5448
4482006	4482222	216
4483727	4483776	49
4484404	4489987	5583
4490535	4492449	1914
4494432	4494448	16
4495788	4495795	7
4498588	4498671	83
4498982	4499055	73
4500338	4500421	83
4501683	4501683	0
4502690	4502769	79
4502969	4503070	101
4504371	4504573	202
4505001	4505037	36
4507481	4507658	177
4508392	4508516	124
4508920	4508936	16
4509637	4509685	48
4510347	4510362	15
4510763	4510770	7
4511411	4511411	0
4512577	4512658	81
4514286	4515335	1049
4516087	4518363	2276
4519763	4519776	13
4520084	4520091	7
4520558	4520569	11
4521222	4521229	7
4522772	4523501	729
4523899	4524222	323
4524452	4524491	39
4524943	4526152	1209
4526481	4527318	837
4527941	4528247	306
4529662	4532496	2834
4532879	4536090	3211
4537031	4537970	939
4538179	4540765	2586
4546277	4546277	0
4546621	4546830	209
4547428	4548345	917
4549304	4549441	137
4550946	4553412	2466
4554410	4555614	1204
4556990	4557788	798
4559143	4559382	239
4559687	4567454	7767
4570153	4573953	3800
4574549	4574691	142
4575146	4575266	120
4577083	4578302	1219
4578721	4579559	838
4580758	4586047	5289
4588232	4594452	6220
4595018	4596579	1561
4597772	4598056	284
4599332	4599428	96
4599766	4601089	1323
4601421	4603887	2466
4605107	4605116	9
4606237	4606690	453
4606941	4607026	85
4607295	4608787	1492
4609386	4609549	163
4609965	4618356	8391
4618634	4634620	15986
4635863	4647960	12097
4648688	4648697	9
4649323	4650287	964
4650526	4652286	1760
4653117	4653129	12
4653809	4653897	88
4655489	4655879	390
4656487	4656593	106
4656775	4656894	119
4658746	4661806	3060
4662588	4662712	124
4664037	4664086	49
4665312	4665366	54
4666088	4666252	164
4667586	4669378	1792
4670349	4670395	46
4671780	4671798	18
4673033	4675216	2183
4677156	4677243	87
4677572	4678280	708
4678930	4680004	1074
4680480	4680490	10
4682606	4682661	55
4684016	4684885	869
4685028	4685425	397
4686114	4686137	23
